mcnp       5.mpi 01/08/14 07:46:20     2     4399072    19319846213
 c Mark I PB-FHR                                                                
ntal     0

kcode  110   10   19
 9.96418E-01 1.00336E+00 9.94836E-01 5.61979E+04 5.60988E+04
 0.00000E+00 0.00000E+00 0.00000E+00 0.00000E+00 0.00000E+00
 0.00000E+00 0.00000E+00 0.00000E+00 1.00053E+00 3.58766E-04
 0.00000E+00 0.00000E+00 3.99750E+04 0.00000E+00
 1.00243E+00 1.00131E+00 1.00846E+00 5.55382E+04 5.55520E+04
 0.00000E+00 0.00000E+00 0.00000E+00 0.00000E+00 0.00000E+00
 0.00000E+00 0.00000E+00 0.00000E+00 1.00053E+00 3.61565E-04
 0.00000E+00 0.00000E+00 3.98170E+04 0.00000E+00
 9.94260E-01 9.96300E-01 9.98249E-01 5.54086E+04 5.54043E+04
 0.00000E+00 0.00000E+00 0.00000E+00 0.00000E+00 0.00000E+00
 0.00000E+00 0.00000E+00 0.00000E+00 1.00051E+00 3.64633E-04
 0.00000E+00 0.00000E+00 4.00160E+04 0.00000E+00
 9.98081E-01 9.97611E-01 9.96702E-01 5.62694E+04 5.62122E+04
 0.00000E+00 0.00000E+00 0.00000E+00 0.00000E+00 0.00000E+00
 0.00000E+00 0.00000E+00 0.00000E+00 1.00056E+00 3.64751E-04
 0.00000E+00 0.00000E+00 3.97570E+04 0.00000E+00
 9.99480E-01 9.98940E-01 1.00354E+00 5.54933E+04 5.54507E+04
 0.00000E+00 0.00000E+00 0.00000E+00 0.00000E+00 0.00000E+00
 0.00000E+00 0.00000E+00 0.00000E+00 1.00058E+00 3.67362E-04
 0.00000E+00 0.00000E+00 4.01950E+04 0.00000E+00
 1.00538E+00 1.00559E+00 1.01120E+00 5.63550E+04 5.63378E+04
 0.00000E+00 0.00000E+00 0.00000E+00 0.00000E+00 0.00000E+00
 0.00000E+00 0.00000E+00 0.00000E+00 1.00060E+00 3.70653E-04
 0.00000E+00 0.00000E+00 4.00820E+04 0.00000E+00
 1.00178E+00 9.99085E-01 9.95143E-01 5.50452E+04 5.50525E+04
 0.00000E+00 0.00000E+00 0.00000E+00 0.00000E+00 0.00000E+00
 0.00000E+00 0.00000E+00 0.00000E+00 1.00055E+00 3.70781E-04
 0.00000E+00 0.00000E+00 4.00880E+04 0.00000E+00
 1.00240E+00 1.01080E+00 1.00523E+00 5.56042E+04 5.54707E+04
 0.00000E+00 0.00000E+00 0.00000E+00 0.00000E+00 0.00000E+00
 0.00000E+00 0.00000E+00 0.00000E+00 1.00056E+00 3.74877E-04
 0.00000E+00 0.00000E+00 3.97570E+04 0.00000E+00
 9.99712E-01 9.99074E-01 1.00665E+00 5.56217E+04 5.56557E+04
 0.00000E+00 0.00000E+00 0.00000E+00 0.00000E+00 0.00000E+00
 0.00000E+00 0.00000E+00 0.00000E+00 1.00050E+00 3.71090E-04
 0.00000E+00 0.00000E+00 3.99990E+04 0.00000E+00
 9.97338E-01 9.99645E-01 9.96715E-01 5.58713E+04 5.61184E+04
 0.00000E+00 0.00000E+00 0.00000E+00 0.00000E+00 0.00000E+00
 0.00000E+00 0.00000E+00 0.00000E+00 1.00051E+00 3.74654E-04
 0.00000E+00 0.00000E+00 3.99360E+04 0.00000E+00
 9.99414E-01 1.00401E+00 9.92154E-01 5.60032E+04 5.58410E+04
 0.00000E+00 0.00000E+00 0.00000E+00 0.00000E+00 0.00000E+00
 0.00000E+00 0.00000E+00 0.00000E+00 1.00053E+00 3.77843E-04
 0.00000E+00 0.00000E+00 3.97090E+04 0.00000E+00
 9.96055E-01 1.00135E+00 9.92195E-01 5.55843E+04 5.53657E+04
 9.97735E-01 1.67951E-03 1.00268E+00 1.32887E-03 9.92175E-01
 2.04952E-05 0.00000E+00 0.00000E+00 1.00051E+00 3.81194E-04
 0.00000E+00 0.00000E+00 4.00740E+04 0.00000E+00
 1.00886E+00 1.00114E+00 1.01540E+00 5.63385E+04 5.64964E+04
 1.00144E+00 3.83234E-03 1.00216E+00 9.23499E-04 9.99917E-01
 7.74170E-03 0.00000E+00 0.00000E+00 1.00053E+00 3.84608E-04
 0.00000E+00 0.00000E+00 3.96820E+04 0.00000E+00
 1.00028E+00 1.00104E+00 9.98541E-01 5.55546E+04 5.55219E+04
 1.00115E+00 2.72551E-03 1.00188E+00 7.11120E-04 9.99573E-01
 5.48499E-03 1.00122E+00 6.38098E-04 1.00048E+00 3.86997E-04
 5.72914E+04 5.60331E+01 4.06530E+04 4.82122E+04
 9.98506E-01 1.00207E+00 9.92408E-01 5.48339E+04 5.47543E+04
 1.00062E+00 2.17641E-03 1.00192E+00 5.52141E-04 9.98140E-01
 4.48383E-03 1.00119E+00 6.19536E-04 1.00048E+00 3.91076E-04
 5.79405E+04 9.82717E+02 3.95950E+04 4.08758E+04
 9.95914E-01 1.00022E+00 9.94425E-01 5.55267E+04 5.54890E+04
 9.99837E-01 1.94254E-03 1.00164E+00 5.32522E-04 9.97521E-01
 3.71300E-03 1.00116E+00 3.96967E-04 1.00048E+00 3.95120E-04
 5.70479E+04 9.67846E+02 3.98600E+04 8.28574E+04
 9.99001E-01 9.94707E-01 1.00275E+00 5.60925E+04 5.61391E+04
 9.99718E-01 1.64609E-03 1.00065E+00 1.08749E-03 9.98268E-01
 3.22587E-03 1.00001E+00 1.07399E-03 1.00050E+00 3.98465E-04
 5.69349E+04 6.99669E+02 3.97360E+04 9.64859E+03
 9.97222E-01 9.96955E-01 1.00251E+00 5.63117E+04 5.62100E+04
 9.99406E-01 1.45928E-03 1.00019E+00 1.04876E-03 9.98798E-01
 2.84351E-03 1.00002E+00 8.53465E-04 1.00055E+00 4.00791E-04
 5.69574E+04 8.16682E+02 4.00780E+04 1.33498E+04
 1.00230E+00 9.96600E-01 9.91931E-01 5.50950E+04 5.48245E+04
 9.99727E-01 1.32640E-03 9.99787E-01 1.00703E-03 9.98035E-01
 2.62124E-03 9.99674E-01 9.87041E-04 1.00058E+00 4.03488E-04
 5.68134E+04 6.23565E+02 3.99010E+04 8.85761E+03
 9.91822E-01 9.99799E-01 9.92955E-01 5.57845E+04 5.57596E+04
 9.98936E-01 1.42560E-03 9.99788E-01 9.00718E-04 9.97527E-01
 2.39891E-03 9.99437E-01 8.89927E-04 1.00061E+00 4.08348E-04
 5.67730E+04 5.75505E+02 4.01790E+04 9.78802E+03
 9.99986E-01 1.00412E+00 9.96958E-01 5.47791E+04 5.48291E+04
 9.99032E-01 1.29303E-03 1.00018E+00 9.05022E-04 9.97475E-01
 2.17051E-03 9.99688E-01 8.81285E-04 1.00065E+00 4.09747E-04
 5.67710E+04 7.28914E+02 3.96830E+04 9.08504E+03
 9.97058E-01 9.96002E-01 9.90056E-01 5.56911E+04 5.56283E+04
 9.98867E-01 1.19177E-03 9.99834E-01 8.96605E-04 9.96857E-01
 2.07563E-03 9.99449E-01 8.99288E-04 1.00063E+00 4.13730E-04
 5.63466E+04 6.07446E+02 4.02870E+04 7.98397E+03
 9.96307E-01 9.97013E-01 1.00167E+00 5.54474E+04 5.58276E+04
 9.98670E-01 1.11382E-03 9.99617E-01 8.52829E-04 9.97227E-01
 1.94483E-03 9.99194E-01 8.20768E-04 1.00069E+00 4.15661E-04
 5.64006E+04 5.65305E+02 3.98410E+04 8.83935E+03
 1.00006E+00 9.99312E-01 1.01080E+00 5.62304E+04 5.60832E+04
 9.98770E-01 1.03596E-03 9.99595E-01 7.89866E-04 9.98197E-01
 2.04502E-03 9.99294E-01 7.37722E-04 1.00073E+00 4.17927E-04
 5.62580E+04 5.89311E+02 3.98120E+04 1.01626E+04
 9.97000E-01 9.99761E-01 9.96428E-01 5.52671E+04 5.54284E+04
 9.98652E-01 9.71613E-04 9.99606E-01 7.35409E-04 9.98079E-01
 1.90746E-03 9.99266E-01 6.87953E-04 1.00073E+00 4.22401E-04
 5.62510E+04 5.75158E+02 4.00250E+04 1.09028E+04
 1.00239E+00 1.00342E+00 1.01084E+00 5.63478E+04 5.62567E+04
 9.98885E-01 9.38347E-04 9.99844E-01 7.28072E-04 9.98877E-01
 1.95454E-03 9.99511E-01 6.96682E-04 1.00075E+00 4.26487E-04
 5.62194E+04 5.96358E+02 3.98790E+04 9.97593E+03
 9.94335E-01 9.95268E-01 9.98962E-01 5.63790E+04 5.62156E+04
 9.98617E-01 9.21161E-04 9.99575E-01 7.34983E-04 9.98882E-01
 1.83597E-03 9.99258E-01 7.18183E-04 1.00072E+00 4.30028E-04
 5.63069E+04 5.95135E+02 4.01800E+04 8.82345E+03
 1.00380E+00 1.00028E+00 9.96999E-01 5.55005E+04 5.52373E+04
 9.98905E-01 9.14881E-04 9.99615E-01 6.94068E-04 9.98777E-01
 1.73413E-03 9.99395E-01 6.72457E-04 1.00079E+00 4.29658E-04
 5.62765E+04 5.80032E+02 3.96520E+04 9.51272E+03
 9.93028E-01 9.96710E-01 9.94988E-01 5.54479E+04 5.52398E+04
 9.98596E-01 9.19000E-04 9.99462E-01 6.74087E-04 9.98578E-01
 1.65240E-03 9.99232E-01 6.71933E-04 1.00078E+00 4.35481E-04
 5.63087E+04 5.54642E+02 4.02090E+04 9.01579E+03
 9.98639E-01 9.99371E-01 1.00273E+00 5.51020E+04 5.51973E+04
 9.98598E-01 8.71842E-04 9.99457E-01 6.39512E-04 9.98785E-01
 1.58132E-03 9.99241E-01 6.36855E-04 1.00084E+00 4.35035E-04
 5.62543E+04 5.55283E+02 3.95180E+04 9.53384E+03
 1.00272E+00 1.00566E+00 9.98607E-01 5.59013E+04 5.56759E+04
 9.98794E-01 8.52199E-04 9.99753E-01 6.76179E-04 9.98777E-01
 1.50416E-03 9.99469E-01 6.66658E-04 1.00086E+00 4.39947E-04
 5.62071E+04 4.83204E+02 4.03730E+04 8.28960E+03
 9.94602E-01 9.95616E-01 9.90978E-01 5.49813E+04 5.45457E+04
 9.98604E-01 8.34579E-04 9.99564E-01 6.71573E-04 9.98422E-01
 1.47732E-03 9.99266E-01 6.71358E-04 1.00082E+00 4.43181E-04
 5.59712E+04 4.87893E+02 4.02730E+04 7.79371E+03
 1.00599E+00 9.97962E-01 1.01569E+00 5.56433E+04 5.56715E+04
 9.98925E-01 8.59641E-04 9.99495E-01 6.45479E-04 9.99173E-01
 1.59890E-03 9.99357E-01 6.31275E-04 1.00090E+00 4.42576E-04
 5.59694E+04 4.74846E+02 3.98250E+04 8.43401E+03
 9.99325E-01 9.99968E-01 1.00566E+00 5.67342E+04 5.68318E+04
 9.98941E-01 8.23212E-04 9.99515E-01 6.18314E-04 9.99443E-01
 1.55448E-03 9.99385E-01 6.07061E-04 1.00089E+00 4.48993E-04
 5.58374E+04 5.07920E+02 4.05220E+04 8.73605E+03
 1.00370E+00 1.00034E+00 1.00118E+00 5.61270E+04 5.61135E+04
 9.99131E-01 8.12197E-04 9.99547E-01 5.93980E-04 9.99513E-01
 1.49261E-03 9.99466E-01 5.80557E-04 1.00090E+00 4.54815E-04
 5.58980E+04 4.94784E+02 3.98310E+04 9.17415E+03
 1.00689E+00 1.00169E+00 1.00721E+00 5.65238E+04 5.65670E+04
 9.99430E-01 8.35439E-04 9.99630E-01 5.76572E-04 9.99809E-01
 1.46431E-03 9.99614E-01 5.70339E-04 1.00089E+00 4.61366E-04
 5.59915E+04 4.98487E+02 4.00560E+04 9.14491E+03
 9.97913E-01 9.97513E-01 9.92083E-01 5.57241E+04 5.57013E+04
 9.99374E-01 8.05862E-04 9.99551E-01 5.60320E-04 9.99523E-01
 1.43780E-03 9.99521E-01 5.53738E-04 1.00084E+00 4.66774E-04
 5.59581E+04 4.58757E+02 3.99620E+04 9.33607E+03
 1.00236E+00 1.00164E+00 1.00384E+00 5.57826E+04 5.59330E+04
 9.99480E-01 7.83838E-04 9.99626E-01 5.45089E-04 9.99677E-01
 1.39403E-03 9.99605E-01 5.39799E-04 1.00089E+00 4.70968E-04
 5.59494E+04 4.44334E+02 3.95830E+04 9.47623E+03
 1.00447E+00 1.00540E+00 9.98937E-01 5.54904E+04 5.52131E+04
 9.99652E-01 7.75663E-04 9.99825E-01 5.62416E-04 9.99651E-01
 1.34534E-03 9.99790E-01 5.53151E-04 1.00087E+00 4.77534E-04
 5.59225E+04 4.29535E+02 4.00440E+04 8.71686E+03
 1.00220E+00 1.00585E+00 9.99003E-01 5.56079E+04 5.55714E+04
 9.99737E-01 7.54159E-04 1.00003E+00 5.79258E-04 9.99630E-01
 1.29991E-03 9.99948E-01 5.61983E-04 1.00082E+00 4.81084E-04
 5.59288E+04 4.20667E+02 4.01580E+04 8.16485E+03
 1.00682E+00 1.00319E+00 9.97303E-01 5.58212E+04 5.56545E+04
 9.99966E-01 7.64324E-04 1.00013E+00 5.69478E-04 9.99555E-01
 1.25951E-03 1.00005E+00 5.52505E-04 1.00077E+00 4.85058E-04
 5.58877E+04 4.00806E+02 3.99780E+04 8.17644E+03
 1.00531E+00 1.00502E+00 1.00507E+00 5.53773E+04 5.51676E+04
 1.00013E+00 7.58634E-04 1.00028E+00 5.72204E-04 9.99727E-01
 1.23165E-03 1.00020E+00 5.58371E-04 1.00071E+00 4.90606E-04
 5.59137E+04 3.91853E+02 4.01800E+04 7.75669E+03
 9.97867E-01 1.00233E+00 9.90406E-01 5.52344E+04 5.52976E+04
 1.00006E+00 7.38484E-04 1.00034E+00 5.58062E-04 9.99445E-01
 1.22671E-03 1.00021E+00 5.43088E-04 1.00064E+00 4.93496E-04
 5.58836E+04 3.91827E+02 3.99350E+04 7.94985E+03
 1.00229E+00 9.95583E-01 1.00229E+00 5.52841E+04 5.54067E+04
 1.00013E+00 7.19408E-04 1.00020E+00 5.59212E-04 9.99528E-01
 1.19303E-03 1.00011E+00 5.34106E-04 1.00064E+00 5.01032E-04
 5.58779E+04 3.91016E+02 3.98010E+04 7.97484E+03
 1.00537E+00 1.00667E+00 1.00016E+00 5.53916E+04 5.53890E+04
 1.00028E+00 7.14431E-04 1.00039E+00 5.73546E-04 9.99546E-01
 1.15858E-03 1.00026E+00 5.45297E-04 1.00068E+00 5.09427E-04
 5.58478E+04 3.84807E+02 4.02690E+04 7.43525E+03
 1.00154E+00 1.00553E+00 1.00124E+00 5.53439E+04 5.53265E+04
 1.00031E+00 6.95187E-04 1.00053E+00 5.75428E-04 9.99594E-01
 1.12693E-03 1.00037E+00 5.43193E-04 1.00059E+00 5.10659E-04
 5.58438E+04 3.81643E+02 4.01570E+04 7.28660E+03
 1.00148E+00 9.95674E-01 1.00066E+00 5.65752E+04 5.65858E+04
 1.00035E+00 6.76866E-04 1.00040E+00 5.74846E-04 9.99622E-01
 1.09642E-03 1.00029E+00 5.34763E-04 1.00055E+00 5.15267E-04
 5.59827E+04 3.81468E+02 3.97630E+04 7.31349E+03
 9.95111E-01 9.88433E-01 9.92336E-01 5.56443E+04 5.56699E+04
 1.00021E+00 6.73058E-04 1.00008E+00 6.42041E-04 9.99431E-01
 1.08427E-03 1.00006E+00 5.85016E-04 1.00060E+00 5.23998E-04
 5.59709E+04 3.72756E+02 4.00740E+04 5.94437E+03
 1.00119E+00 1.00616E+00 9.93267E-01 5.56616E+04 5.57516E+04
 1.00023E+00 6.56057E-04 1.00024E+00 6.44459E-04 9.99273E-01
 1.06786E-03 1.00013E+00 5.77700E-04 1.00081E+00 5.09573E-04
 5.59714E+04 3.62552E+02 3.96700E+04 5.94271E+03
 1.00668E+00 1.00782E+00 9.98335E-01 5.63348E+04 5.62241E+04
 1.00039E+00 6.59425E-04 1.00043E+00 6.56073E-04 9.99249E-01
 1.04108E-03 1.00024E+00 5.88190E-04 1.00075E+00 5.14614E-04
 5.59958E+04 3.65448E+02 4.02130E+04 5.59164E+03
 1.00547E+00 1.00899E+00 1.00851E+00 5.54008E+04 5.53217E+04
 1.00052E+00 6.54951E-04 1.00064E+00 6.73044E-04 9.99475E-01
 1.04018E-03 1.00045E+00 6.01804E-04 1.00060E+00 5.11608E-04
 5.59829E+04 3.61880E+02 4.01980E+04 5.21497E+03
 1.01036E+00 1.01255E+00 1.00914E+00 5.59979E+04 5.60179E+04
 1.00075E+00 6.80754E-04 1.00092E+00 7.15439E-04 9.99705E-01
 1.04088E-03 1.00071E+00 6.46017E-04 1.00050E+00 5.02450E-04
 5.59808E+04 3.58776E+02 3.98860E+04 4.42229E+03
 1.00123E+00 9.98055E-01 1.00181E+00 5.57129E+04 5.55910E+04
 1.00076E+00 6.64828E-04 1.00086E+00 7.01778E-04 9.99754E-01
 1.01756E-03 1.00069E+00 6.30234E-04 1.00030E+00 4.66061E-04
 5.59284E+04 3.24923E+02 4.00480E+04 4.53812E+03
 1.00144E+00 1.00305E+00 1.01096E+00 5.51111E+04 5.52840E+04
 1.00078E+00 6.49726E-04 1.00091E+00 6.87462E-04 1.00001E+00
 1.02625E-03 1.00076E+00 6.13180E-04 1.00033E+00 4.74802E-04
 5.59522E+04 3.26640E+02 3.97120E+04 4.68818E+03
 1.00608E+00 1.00429E+00 1.01109E+00 5.63309E+04 5.63381E+04
 1.00090E+00 6.45957E-04 1.00098E+00 6.76198E-04 1.00025E+00
 1.03295E-03 1.00089E+00 6.07751E-04 1.00031E+00 4.79653E-04
 5.59296E+04 3.29174E+02 4.01340E+04 4.66991E+03
 1.00795E+00 1.00431E+00 1.00673E+00 5.47805E+04 5.49766E+04
 1.00105E+00 6.50108E-04 1.00105E+00 6.65279E-04 1.00040E+00
 1.02000E-03 1.00100E+00 6.05947E-04 1.00023E+00 4.80860E-04
 5.60780E+04 3.20991E+02 4.01790E+04 4.59684E+03
 1.00656E+00 1.00170E+00 1.00135E+00 5.52763E+04 5.54946E+04
 1.00117E+00 6.46855E-04 1.00107E+00 6.51117E-04 1.00042E+00
 9.98273E-04 1.00105E+00 5.97469E-04 1.00011E+00 4.81269E-04
 5.60728E+04 3.19357E+02 4.01700E+04 4.62302E+03
 1.00153E+00 9.93935E-01 1.00991E+00 5.54973E+04 5.56555E+04
 1.00117E+00 6.33281E-04 1.00092E+00 6.54493E-04 1.00061E+00
 9.97060E-04 1.00099E+00 5.85951E-04 1.00002E+00 4.90730E-04
 5.60732E+04 3.16034E+02 3.98930E+04 4.70070E+03
 9.95285E-01 9.98427E-01 9.88969E-01 5.52300E+04 5.53230E+04
 1.00105E+00 6.31761E-04 1.00087E+00 6.43009E-04 1.00038E+00
 1.00500E-03 1.00090E+00 5.83136E-04 1.00012E+00 4.94234E-04
 5.59728E+04 3.04953E+02 3.98450E+04 4.64436E+03
 9.96332E-01 9.96600E-01 9.99932E-01 5.46836E+04 5.45502E+04
 1.00096E+00 6.26162E-04 1.00078E+00 6.35772E-04 1.00037E+00
 9.84735E-04 1.00081E+00 5.76063E-04 1.00016E+00 5.02810E-04
 5.60929E+04 3.01325E+02 3.98510E+04 4.65940E+03
 1.00745E+00 9.97788E-01 1.01191E+00 5.49061E+04 5.48832E+04
 1.00109E+00 6.26798E-04 1.00072E+00 6.25939E-04 1.00059E+00
 9.91411E-04 1.00085E+00 5.67147E-04 1.00024E+00 5.05318E-04
 5.61340E+04 3.00959E+02 4.00220E+04 4.71105E+03
 1.00591E+00 9.97179E-01 1.00359E+00 5.50777E+04 5.52264E+04
 1.00118E+00 6.21583E-04 1.00066E+00 6.17556E-04 1.00065E+00
 9.73866E-04 1.00085E+00 5.58807E-04 1.00024E+00 5.22767E-04
 5.61451E+04 3.00138E+02 4.05440E+04 4.75582E+03
 9.96783E-01 1.00025E+00 9.93635E-01 5.56445E+04 5.56549E+04
 1.00110E+00 6.15360E-04 1.00065E+00 6.05840E-04 1.00052E+00
 9.64443E-04 1.00080E+00 5.49537E-04 1.00025E+00 5.47284E-04
 5.61441E+04 2.97114E+02 4.01470E+04 4.82161E+03
 1.00371E+00 9.98883E-01 1.00482E+00 5.52065E+04 5.54153E+04
 1.00115E+00 6.05785E-04 1.00061E+00 5.95412E-04 1.00060E+00
 9.49754E-04 1.00080E+00 5.40258E-04 1.00027E+00 5.57538E-04
 5.61608E+04 2.89362E+02 3.94760E+04 4.89560E+03
 1.00735E+00 1.00087E+00 1.01672E+00 5.61637E+04 5.63154E+04
 1.00126E+00 6.05264E-04 1.00062E+00 5.84504E-04 1.00089E+00
 9.77344E-04 1.00087E+00 5.35040E-04 1.00027E+00 5.77762E-04
 5.61873E+04 2.88581E+02 4.01850E+04 4.89931E+03
 9.95290E-01 9.99040E-01 9.87916E-01 5.56233E+04 5.56722E+04
 1.00115E+00 6.03837E-04 1.00059E+00 5.74664E-04 1.00066E+00
 9.87308E-04 1.00080E+00 5.30287E-04 1.00019E+00 5.98250E-04
 5.61200E+04 2.68349E+02 4.00210E+04 4.89527E+03
 9.99189E-01 1.00130E+00 9.97212E-01 5.59695E+04 5.59988E+04
 1.00112E+00 5.94147E-04 1.00060E+00 5.64631E-04 1.00060E+00
 9.71716E-04 1.00079E+00 5.20359E-04 1.00024E+00 6.07849E-04
 5.60867E+04 2.66273E+02 3.94680E+04 4.99400E+03
 1.00543E+00 1.00678E+00 1.00378E+00 5.55640E+04 5.55784E+04
 1.00119E+00 5.88525E-04 1.00071E+00 5.64950E-04 1.00065E+00
 9.56388E-04 1.00089E+00 5.19623E-04 1.00023E+00 6.21365E-04
 5.60790E+04 2.62462E+02 4.02030E+04 4.92164E+03
 1.00233E+00 1.00281E+00 1.00266E+00 5.58686E+04 5.59670E+04
 1.00121E+00 5.78786E-04 1.00075E+00 5.56435E-04 1.00069E+00
 9.40655E-04 1.00092E+00 5.11118E-04 1.00006E+00 6.13459E-04
 5.60781E+04 2.60903E+02 4.03600E+04 4.99869E+03
 1.00124E+00 9.97996E-01 1.00841E+00 5.61230E+04 5.59473E+04
 1.00121E+00 5.69058E-04 1.00070E+00 5.48999E-04 1.00082E+00
 9.33757E-04 1.00090E+00 5.02111E-04 9.99989E-01 6.25445E-04
 5.61015E+04 2.58258E+02 3.98260E+04 5.09157E+03
 9.94346E-01 9.99924E-01 9.99637E-01 5.59643E+04 5.58518E+04
 1.00110E+00 5.70857E-04 1.00069E+00 5.40074E-04 1.00080E+00
 9.18525E-04 1.00083E+00 4.93431E-04 1.00004E+00 6.45993E-04
 5.60800E+04 2.56394E+02 3.99050E+04 5.18311E+03
 1.00821E+00 1.01438E+00 1.02188E+00 5.60486E+04 5.60213E+04
 1.00121E+00 5.73175E-04 1.00091E+00 5.75379E-04 1.00114E+00
 9.65462E-04 1.00106E+00 5.15789E-04 1.00006E+00 6.52827E-04
 5.61056E+04 2.49161E+02 3.99190E+04 4.66978E+03
 9.92166E-01 9.94751E-01 9.91125E-01 5.55661E+04 5.52758E+04
 1.00107E+00 5.82001E-04 1.00081E+00 5.74545E-04 1.00098E+00
 9.63216E-04 1.00094E+00 5.21671E-04 9.99966E-01 5.37967E-04
 5.61014E+04 2.43232E+02 4.06750E+04 4.48810E+03
 9.96869E-01 9.95067E-01 1.00286E+00 5.62311E+04 5.62542E+04
 1.00100E+00 5.76583E-04 1.00072E+00 5.72572E-04 1.00101E+00
 9.48504E-04 1.00086E+00 5.19618E-04 1.00011E+00 5.18368E-04
 5.61236E+04 2.42905E+02 3.92830E+04 4.45170E+03
 1.00447E+00 9.96569E-01 1.00331E+00 5.61051E+04 5.60026E+04
 1.00106E+00 5.70139E-04 1.00066E+00 5.67302E-04 1.00104E+00
 9.34468E-04 1.00086E+00 5.12603E-04 1.00025E+00 5.23439E-04
 5.61338E+04 2.42038E+02 4.00230E+04 4.50261E+03
 1.00244E+00 1.00720E+00 1.00318E+00 5.46166E+04 5.46587E+04
 1.00108E+00 5.61824E-04 1.00076E+00 5.67379E-04 1.00108E+00
 9.20769E-04 1.00092E+00 5.07474E-04 1.00040E+00 5.60137E-04
 5.62266E+04 2.35775E+02 4.03490E+04 4.52379E+03
 1.00126E+00 1.00172E+00 9.95215E-01 5.42762E+04 5.44385E+04
 1.00108E+00 5.53382E-04 1.00077E+00 5.59032E-04 1.00099E+00
 9.11131E-04 1.00093E+00 4.99900E-04 1.00031E+00 5.28786E-04
 5.61027E+04 2.46941E+02 3.98860E+04 4.59139E+03
 1.00012E+00 9.94569E-01 1.00471E+00 5.59704E+04 5.59845E+04
 1.00107E+00 5.45366E-04 1.00068E+00 5.58249E-04 1.00104E+00
 8.99301E-04 1.00088E+00 4.95762E-04 1.00028E+00 5.47047E-04
 5.60968E+04 2.46152E+02 3.98620E+04 4.59797E+03
 9.97781E-01 1.00041E+00 1.00254E+00 5.60493E+04 5.60678E+04
 1.00102E+00 5.39511E-04 1.00068E+00 5.50113E-04 1.00106E+00
 8.86436E-04 1.00085E+00 4.88648E-04 1.00063E+00 5.58756E-04
 5.61076E+04 2.45002E+02 3.98570E+04 4.66262E+03
 9.95743E-01 9.96004E-01 9.96109E-01 5.57488E+04 5.58881E+04
 1.00094E+00 5.37064E-04 1.00061E+00 5.46288E-04 1.00099E+00
 8.76545E-04 1.00078E+00 4.86876E-04 1.00063E+00 5.74457E-04
 5.61114E+04 2.41212E+02 3.99030E+04 4.62740E+03
 1.00226E+00 1.00098E+00 9.97121E-01 5.54531E+04 5.56147E+04
 1.00096E+00 5.29771E-04 1.00061E+00 5.38564E-04 1.00094E+00
 8.65831E-04 1.00079E+00 4.80234E-04 1.00084E+00 5.64515E-04
 5.61106E+04 2.39484E+02 4.00070E+04 4.68831E+03
 1.00382E+00 1.00011E+00 1.00589E+00 5.53935E+04 5.57053E+04
 1.00100E+00 5.23871E-04 1.00061E+00 5.31077E-04 1.00101E+00
 8.56489E-04 1.00081E+00 4.74198E-04 1.00085E+00 5.93848E-04
 5.60955E+04 2.35865E+02 4.02030E+04 4.74053E+03
 1.00737E+00 1.00613E+00 1.00318E+00 5.56137E+04 5.55928E+04
 1.00109E+00 5.23949E-04 1.00068E+00 5.29189E-04 1.00104E+00
 8.45198E-04 1.00089E+00 4.75009E-04 1.00090E+00 6.44593E-04
 5.60946E+04 2.33978E+02 4.00650E+04 4.65995E+03
 9.98517E-01 1.00065E+00 1.00408E+00 5.54963E+04 5.54611E+04
 1.00105E+00 5.17989E-04 1.00068E+00 5.21990E-04 1.00108E+00
 8.34709E-04 1.00087E+00 4.68263E-04 1.00054E+00 6.31861E-04
 5.60959E+04 2.32308E+02 4.03050E+04 4.72860E+03
 9.89186E-01 9.98951E-01 9.91968E-01 5.59653E+04 5.57307E+04
 1.00090E+00 5.34979E-04 1.00066E+00 5.15500E-04 1.00096E+00
 8.32416E-04 1.00077E+00 4.69016E-04 1.00053E+00 6.55186E-04
 5.60986E+04 2.25160E+02 3.95750E+04 4.64851E+03
 9.95118E-01 1.00020E+00 9.96930E-01 5.51026E+04 5.51333E+04
 1.00082E+00 5.33340E-04 1.00065E+00 5.08707E-04 1.00090E+00
 8.23097E-04 1.00073E+00 4.63851E-04 1.00045E+00 6.63031E-04
 5.60921E+04 2.25262E+02 3.96670E+04 4.68889E+03
 9.97475E-01 9.99219E-01 9.91439E-01 5.60159E+04 5.59039E+04
 1.00078E+00 5.28158E-04 1.00063E+00 5.02403E-04 1.00078E+00
 8.21587E-04 1.00070E+00 4.58775E-04 1.00047E+00 6.77691E-04
 5.61023E+04 2.16952E+02 4.02350E+04 4.72924E+03
 9.96846E-01 1.00053E+00 1.00102E+00 5.51188E+04 5.50979E+04
 1.00073E+00 5.23774E-04 1.00063E+00 4.95922E-04 1.00078E+00
 8.10991E-04 1.00068E+00 4.53134E-04 1.00055E+00 6.99643E-04
 5.61129E+04 2.16283E+02 4.01560E+04 4.78402E+03
 1.00168E+00 1.00444E+00 1.00889E+00 5.59604E+04 5.60977E+04
 1.00074E+00 5.17243E-04 1.00068E+00 4.91975E-04 1.00089E+00
 8.07199E-04 1.00071E+00 4.48796E-04 1.00056E+00 7.21988E-04
 5.61259E+04 2.14602E+02 4.01090E+04 4.81472E+03
 9.98431E-01 1.00383E+00 9.94085E-01 5.60911E+04 5.62090E+04
 1.00071E+00 5.11550E-04 1.00072E+00 4.87379E-04 1.00080E+00
 8.01567E-04 1.00072E+00 4.43020E-04 1.00038E+00 7.05739E-04
 5.61454E+04 2.12987E+02 4.02120E+04 4.87834E+03
 9.95098E-01 9.99655E-01 9.98063E-01 5.56694E+04 5.57585E+04
 1.00064E+00 5.09924E-04 1.00071E+00 4.81504E-04 1.00077E+00
 7.92331E-04 1.00068E+00 4.39147E-04 1.00035E+00 7.10140E-04
 5.61315E+04 2.10323E+02 3.98530E+04 4.90227E+03
 9.88214E-01 9.96755E-01 9.87253E-01 5.60550E+04 5.60045E+04
 1.00049E+00 5.25971E-04 1.00066E+00 4.78032E-04 1.00060E+00
 7.99777E-04 1.00060E+00 4.43721E-04 1.00037E+00 7.33830E-04
 5.61253E+04 2.10122E+02 3.98300E+04 4.74118E+03
 9.98973E-01 1.00081E+00 9.97258E-01 5.60095E+04 5.57375E+04
 1.00047E+00 5.19916E-04 1.00066E+00 4.72241E-04 1.00056E+00
 7.91109E-04 1.00059E+00 4.38379E-04 1.00030E+00 6.64049E-04
 5.61279E+04 2.09106E+02 3.96760E+04 4.79855E+03
 9.97700E-01 9.99336E-01 9.95049E-01 5.53166E+04 5.54276E+04
 1.00044E+00 5.14748E-04 1.00065E+00 4.66852E-04 1.00050E+00
 7.84386E-04 1.00057E+00 4.33758E-04 1.00031E+00 7.00571E-04
 5.61034E+04 2.06767E+02 4.04600E+04 4.84119E+03
 1.00215E+00 9.99156E-01 1.01209E+00 5.61351E+04 5.59347E+04
 1.00046E+00 5.09056E-04 1.00063E+00 4.61660E-04 1.00063E+00
 7.87014E-04 1.00057E+00 4.28655E-04 1.00042E+00 7.30331E-04
 5.61119E+04 2.05915E+02 3.99750E+04 4.89804E+03
 9.99156E-01 9.99457E-01 9.99924E-01 5.58297E+04 5.58865E+04
 1.00044E+00 5.03330E-04 1.00061E+00 4.56463E-04 1.00063E+00
 7.77853E-04 1.00055E+00 4.23855E-04 1.00025E+00 8.62441E-04
 5.61171E+04 2.03071E+02 4.02590E+04 4.94984E+03
 9.97528E-01 1.00332E+00 1.00196E+00 5.63634E+04 5.63686E+04
 1.00041E+00 4.98638E-04 1.00065E+00 4.52259E-04 1.00064E+00
 7.69013E-04 1.00056E+00 4.19462E-04 1.00033E+00 9.46794E-04
 5.61548E+04 2.00899E+02 3.99450E+04 4.99552E+03
 9.97639E-01 9.98248E-01 9.99615E-01 5.54053E+04 5.54590E+04
 1.00038E+00 4.93943E-04 1.00062E+00 4.47920E-04 1.00063E+00
 7.60313E-04 1.00053E+00 4.15724E-04 1.00025E+00 9.81295E-04
 5.61557E+04 1.99868E+02 4.01100E+04 5.02649E+03
 1.00170E+00 1.00355E+00 1.00000E+00 5.51948E+04 5.52328E+04
 1.00039E+00 4.88585E-04 1.00065E+00 4.44080E-04 1.00062E+00
 7.51755E-04 1.00056E+00 4.11796E-04 1.00050E+00 1.08407E-03
 5.61434E+04 1.99564E+02 3.97930E+04 5.06530E+03
 1.00070E+00 1.00219E+00 9.96133E-01 5.56751E+04 5.57529E+04
 1.00040E+00 4.83138E-04 1.00067E+00 4.39452E-04 1.00057E+00
 7.45027E-04 1.00057E+00 4.07174E-04 1.00031E+00 1.13420E-03
 5.61442E+04 1.98292E+02 4.00870E+04 5.12281E+03
 9.99953E-01 1.00363E+00 1.00168E+00 5.62521E+04 5.62256E+04
 1.00039E+00 4.77825E-04 1.00070E+00 4.35809E-04 1.00058E+00
 7.36895E-04 1.00058E+00 4.03379E-04 1.00026E+00 1.22308E-03
 5.61750E+04 1.92632E+02 3.98330E+04 5.16245E+03
 1.00037E+00 1.00157E+00 9.91342E-01 5.47951E+04 5.48364E+04
 1.00039E+00 4.72602E-04 1.00071E+00 4.31150E-04 1.00048E+00
 7.35733E-04 1.00059E+00 3.98728E-04 9.99976E-01 1.28485E-03
 5.61770E+04 1.94665E+02 4.00400E+04 5.22589E+03
 1.00152E+00 9.98492E-01 1.00086E+00 5.58001E+04 5.58578E+04
 1.00040E+00 4.67651E-04 1.00069E+00 4.27155E-04 1.00049E+00
 7.27790E-04 1.00058E+00 3.94228E-04 9.99985E-01 1.41490E-03
 5.61634E+04 1.93267E+02 4.01060E+04 5.28763E+03
 9.93768E-01 9.96908E-01 9.95988E-01 5.57588E+04 5.60088E+04
 1.00033E+00 4.68002E-04 1.00065E+00 4.24494E-04 1.00044E+00
 7.21595E-04 1.00053E+00 3.93686E-04 1.00026E+00 1.84292E-03
 5.61642E+04 1.92517E+02 4.01610E+04 5.24434E+03
 1.00504E+00 1.00307E+00 1.00006E+00 5.61782E+04 5.61966E+04
 1.00038E+00 4.65699E-04 1.00067E+00 4.20778E-04 1.00044E+00
 7.13970E-04 1.00056E+00 3.90611E-04 1.00089E+00 1.96663E-03
 5.61877E+04 1.88889E+02 3.95450E+04 5.27247E+03
 1.00412E+00 1.00637E+00 1.00534E+00 5.56325E+04 5.56951E+04
 1.00042E+00 4.62467E-04 1.00073E+00 4.20575E-04 1.00049E+00
 7.08338E-04 1.00061E+00 3.90215E-04 1.00001E+00 2.54418E-03
 5.61842E+04 1.87064E+02 4.05210E+04 5.22837E+03
 9.96161E-01 1.00003E+00 9.93683E-01 5.57213E+04 5.58823E+04
 1.00038E+00 4.59777E-04 1.00072E+00 4.16279E-04 1.00042E+00
 7.04498E-04 1.00059E+00 3.87054E-04 9.98375E-01 6.90382E-05
 5.61826E+04 1.84132E+02 3.98900E+04 5.25901E+03
 9.92880E-01 1.00175E+00 9.93251E-01 5.62685E+04 5.61652E+04
 1.00030E+00 4.61447E-04 1.00073E+00 4.12143E-04 1.00034E+00
 7.01096E-04 1.00057E+00 3.84432E-04 0.00000E+00 0.00000E+00
 5.62060E+04 1.80932E+02 3.96160E+04 5.27633E+03
 9.99738E-01 9.97645E-01 9.95205E-01 5.48744E+04 5.48469E+04
 1.00030E+00 4.56798E-04 1.00070E+00 4.09150E-04 1.00029E+00
 6.95917E-04 1.00055E+00 3.80957E-04 0.00000E+00 0.00000E+00
 5.61360E+04 1.81631E+02 3.97610E+04 5.31837E+03
 9.97429E-01 9.98676E-01 1.00423E+00 5.69604E+04 5.69329E+04
 1.00027E+00 4.53114E-04 1.00068E+00 4.05545E-04 1.00033E+00
 6.90045E-04 1.00053E+00 3.77843E-04 0.00000E+00 0.00000E+00
 5.62187E+04 1.80768E+02 4.04050E+04 5.35111E+03
