6000 1.182372E-02
8016 3.547110E-02
90232 8.022830E-18
90233 1.462207E-23
91233 4.113640E-22
92233 1.314141E-20
92234 2.590139E-11
92235 4.750720E-03
92236 5.543690E-07
92237 1.532768E-10
92238 1.889328E-02
92239 3.548460E-08
93236 4.836940E-22
93237 2.728390E-12
93238 8.736740E-16
93239 3.851190E-07
94236 4.918980E-23
94237 2.972530E-26
94238 4.939170E-17
94239 1.954432E-08
94240 4.162860E-11
94241 3.291790E-14
94242 7.655010E-18
94243 5.716670E-22
94244 1.973890E-26
95241 4.147480E-19
95642 1.612834E-22
95242 4.320090E-23
95243 1.385929E-22
95244 6.317260E-28
96242 9.846370E-24
96243 8.990020E-29
96244 9.283050E-27
96245 2.000000E-30
96246 2.000000E-30
96247 2.000000E-30
96248 2.000000E-30
97249 2.000000E-30
98249 2.000000E-30
98250 2.000000E-30
35081 5.189570E-09
36083 5.082900E-09
36084 2.375869E-08
36086 5.233470E-08
37085 1.124486E-08
37087 5.087470E-08
38088 4.949510E-08
38089 1.168188E-07
38090 1.491641E-07
39089 2.760380E-10
39091 3.326340E-08
40091 5.293220E-11
40092 3.959830E-08
40093 3.879620E-08
40094 1.530822E-07
40095 1.608616E-07
40096 1.627869E-07
42095 7.840590E-13
42097 1.702933E-08
42098 1.521758E-07
42099 1.494288E-07
42100 1.641458E-07
43099 2.537460E-09
44101 1.195374E-07
44102 1.071081E-07
44103 8.152850E-08
44104 4.609040E-08
44105 1.519150E-08
44106 1.100399E-08
45103 1.978268E-10
45105 1.071138E-08
46104 3.637590E-14
46105 7.325320E-10
46106 9.026900E-11
46107 4.725710E-09
46108 2.482456E-09
46110 8.956930E-10
47109 2.484077E-10
48110 4.144220E-14
48111 1.072381E-11
48113 2.177721E-10
48114 4.858930E-10
49115 7.003830E-12
53127 1.577398E-11
53129 5.226670E-09
54131 7.729000E-10
54132 2.483937E-09
54134 1.428557E-07
54135 1.993985E-08
54136 2.010566E-07
55133 3.203060E-10
55134 7.768080E-13
55135 6.444240E-09
55137 1.576803E-07
56138 1.503483E-07
56140 1.596035E-07
57139 1.201657E-07
58141 6.561480E-08
58142 1.046676E-07
58143 1.345588E-07
59141 1.975704E-10
59143 1.194020E-08
60143 8.080750E-11
60144 8.178680E-11
60145 3.601300E-08
60146 6.750260E-08
60147 5.698770E-08
60148 4.492120E-08
60150 1.697876E-08
61147 6.230260E-10
61148 2.338035E-13
61548 6.975130E-14
61149 1.843999E-08
62147 8.827230E-14
62149 8.714370E-10
62150 4.792600E-11
62151 9.939800E-10
62152 6.808830E-09
62153 4.138010E-09
62154 2.016816E-09
63153 2.655594E-10
63154 1.168308E-13
63155 8.769340E-10
63156 1.059768E-10
64155 5.689950E-14
64156 7.241440E-12
64157 3.224870E-11
64158 7.757960E-11
